,UTC Gregorian,altitude (km)_x,x-coordinate,y-coordinate,z-coordinate,x velocity,y velocity,z velocity,radial (km),radial (m),altitude (km)_y,latitude (deg),longitude (deg),elevation (deg)
13,2024-03-19 00:26:23.054,513.3476530797034,-26.54772784825978,-397.0081597590288,480.8783194712345,4.585704276169933,-6.153008056515048,-0.3468946348666228,624.150798210364,624150.798210364,513.3476530797034,76.89091514773637,-55.67001213585556,81.16188726568639
57,2024-03-19 01:58:36.089,514.390866446457,-565.4943322175841,66.00562775419804,469.8945046279921,1.896324932334884,-7.439340390713065,0.2222661980364307,738.2014820799421,738201.4820799421,514.390866446457,81.75894605265654,-37.18088164135466,81.17952931578456
58,2024-03-19 02:00:35.835,513.524882218082,-341.7117334341277,-824.6932196364339,434.6305155398703,1.835937263542141,-7.414677106707768,-0.8104114932928325,992.8693269103026,992869.3269103025,513.524882218082,77.84632733193348,-75.52062731137936,81.16488936842279
59,2024-03-19 02:02:38.745,512.0314017766113,-121.5019066038217,-1727.319662718374,270.5479111021708,1.742322504918321,-7.249456893401623,-1.85540236905982,1752.5958184143967,1752595.8184143966,512.0314017766113,71.35469583090132,-92.4390935530801,81.13952765588218
102,2024-03-19 03:33:07.515,514.2308334862282,-619.0751016125753,-327.4715330574419,457.6500899613221,-1.164763512734888,-7.577191852184378,-0.4703248857936911,836.6212949962593,836621.2949962593,514.2308334862282,81.77054447677196,-60.32489491609158,81.17682749585701
103,2024-03-19 03:35:09.862,513.3408469063925,-763.516722064829,-1247.280112824882,335.8524099786224,-1.192415519950648,-7.435236271798177,-1.517613186846131,1500.4873561644963,1500487.3561644964,513.3408469063925,77.77505877555603,-99.45110315308584,81.16177193485493
104,2024-03-19 03:37:24.686,511.6640457928661,-924.7152281566314,-2230.160810108476,55.16430462052597,-1.193395926305931,-7.117201357554212,-2.63829586168655,2414.9034333970235,2414903.4333970235,511.6640457928661,70.5898814503553,-117.2446309001984,81.13326720794842
147,2024-03-19 05:07:38.995,514.0997659680097,-819.157480103627,-668.0164627964623,411.7963438996342,-4.023698614805271,-6.446282893901377,-1.117578938287683,1134.390232955982,1134390.232955982,514.0997659680097,81.77979429177769,-83.51842224255208,81.1746134730176
148,2024-03-19 05:09:50.003,513.1213771683942,-1343.6687869972,-1497.331343775891,192.8353477347433,-3.968850597234937,-6.19152486476287,-2.219163994969091,2021.0473605386444,2021047.3605386445,513.1213771683942,77.4082531771607,-124.5846772177307,81.1580514116666
191,2024-03-19 06:40:03.351,514.2603022805333,-341.8290621174722,-347.124131996977,476.063368852397,-6.237706026915864,-4.449623551903215,-0.5325355302664218,681.1597476993622,681159.7476993622,514.2603022805333,79.5234575967211,-57.03024892542729,81.17732513780794
192,2024-03-19 06:42:07.328,514.0188379128012,-1114.336290316754,-886.7941555391625,344.7153062399631,-6.204310096710488,-4.242129548207472,-1.582952209476948,1465.2569346607554,1465256.9346607553,514.0188379128012,81.81909429478382,-105.3497589261353,81.17324586704845
193,2024-03-19 06:44:14.018,513.0919207167126,-1891.648467818465,-1406.310161269535,77.72861224712034,-6.045952944699626,-3.945674966931567,-2.624845361264344,2358.4070752632497,2358407.0752632497,513.0919207167126,77.8070755497013,-146.5560373087841,81.15755181967013
236,2024-03-19 08:14:33.023,514.1862847662933,-555.8806438890039,-797.81195881545,424.4469554528002,-7.470797448771718,-1.597556904110936,-0.7922925904711576,1060.9723982614016,1060972.3982614016,514.1862847662933,79.41497597007799,-79.92137457067811,81.17607509221705
237,2024-03-19 08:16:36.454,513.9544800350159,-1471.639594235873,-978.6823728101187,263.1887487453292,-7.343837613425822,-1.328302867805893,-1.816441467457982,1786.8437535604787,1786843.7535604788,513.9544800350159,81.84629974277793,-127.5296191473328,81.17215798087187
280,2024-03-19 09:47:10.523,513.9612271490978,-81.41770755046512,-1285.563056412205,371.8669520337481,-7.580074707419933,1.232534066319165,0.1482357707977826,1340.7409313993264,1340740.9313993265,513.9612271490978,73.79113352186216,-82.78286017665602,81.17227204453869
281,2024-03-19 09:49:13.910,514.3347873056828,-1011.602045501798,-1113.854732196468,327.5851432614254,-7.473260928376126,1.546786800687938,-0.8647100670174904,1539.9100912019169,1539910.0912019168,514.3347873056828,79.75001965888708,-105.8841730797862,81.17858272430277
282,2024-03-19 09:51:15.861,514.0690596744716,-1909.342718415389,-907.6265832518696,161.8437446037202,-7.226661197588996,1.830197274876788,-1.849193153511243,2120.275696379762,2120275.696379762,514.0690596744716,81.78478763449587,-154.249118782551,81.17409461581522
325,2024-03-19 11:21:42.087,513.9582919857412,-695.7434979662629,-1757.716114534621,229.4326327013461,-6.498788541495159,4.074524883015121,0.4031079265076558,1904.2752656077027,1904275.2656077028,513.9582919857412,73.74632264659617,-106.3104668595602,81.1722224243505
326,2024-03-19 11:23:43.145,514.3393119288521,-1469.570634911656,-1243.614146035171,219.8542152942733,-6.265721376729917,4.406340554530211,-0.5609204522685315,1937.6660886737159,1937666.088673716,514.3393119288521,79.62766471450848,-128.6203128531361,81.1786591054473
327,2024-03-19 11:25:44.232,514.0986702811397,-2208.232729397849,-693.9560112370203,94.0248421096344,-5.915948191589591,4.65853488650249,-1.514186474274178,2316.615506217985,2316615.506217985,514.0986702811397,81.82416630334686,-176.1014307552574,81.17459495977536
370,2024-03-19 12:56:28.986,513.9510581665718,-1511.512590526778,-1843.60473921454,68.8215794097892,-4.35804950096948,6.277461441277969,0.7740046834726271,2385.012611196792,2385012.611196792,513.9510581665718,74.5293011075954,-131.7134905913082,81.17210013119005
371,2024-03-19 12:58:30.651,514.2693825384622,-2019.837344295004,-1061.230521430117,105.8592514694088,-3.984727667065878,6.563920903398283,-0.1659011021167627,2284.110176446223,2284110.1764462227,514.2693825384622,80.19343588141241,-156.6740306307841,81.177478465646
372,2024-03-19 13:00:34.293,513.9477462087434,-2485.029226962591,-238.0308803991936,26.41072443609698,-3.52793949360134,6.730618038205129,-1.117164908251349,2496.5429067506825,2496542.9067506823,513.9477462087434,81.60086994820311,152.6343940348329,81.17204413892709
416,2024-03-19 14:32:49.894,514.1902586876404,-2377.903092838495,-867.718718025813,13.05988069854413,-1.152681112908083,7.570226252446466,0.5958363473245936,2531.3098295204995,2531309.8295204993,514.1902586876404,79.70251624328263,-176.3991133220682,81.17614221475792
688,2024-03-20 00:04:11.037,513.038870005752,-89.36908220394534,-144.6742076311929,489.9394186610685,5.161919762171634,-5.688806047559438,-0.0625602753893066,518.6116978681013,518611.69786810124,513.038870005752,77.7670084446577,-46.66936774728729,81.15665191928493
733,2024-03-20 01:38:36.820,513.1217444258837,-281.6309810044783,-668.8428353829058,453.9088234289746,2.534062450829085,-7.226147446048974,-0.6093785236802177,855.978952948766,855978.9529487661,513.1217444258837,78.0751103186716,-68.92521891946697,81.158057640132
734,2024-03-20 01:40:38.177,511.6188011421973,19.98988299243958,-1539.56941129812,316.8781343654081,2.429649102107773,-7.101204572556346,-1.64551436398503,1571.9686128119076,1571968.6128119077,511.6188011421973,71.7194840218514,-86.26787593724873,81.13249554558985
777,2024-03-20 03:11:18.453,513.8291042181863,-594.721363614217,-275.446433819913,461.6749023030941,-0.4434496766198944,-7.660125192491248,-0.3503438483617715,801.6906845285362,801690.6845285362,513.8291042181863,81.70575765611848,-57.03401160932325,81.17003790170638
778,2024-03-20 03:13:19.803,512.8633749515002,-651.0145359628605,-1199.121960944556,355.833066712977,-0.4825950565060509,-7.539585225540942,-1.391410726628937,1410.0817616793777,1410081.7616793776,512.8633749515002,77.57285987706189,-94.7286132384298,81.15367369755896
779,2024-03-20 03:15:33.033,511.1296949372781,-717.4328126819181,-2185.936006293717,95.83297823953976,-0.5117356415692819,-7.246561843414212,-2.504450885779535,2302.6528231677207,2302652.823167721,511.1296949372781,70.43590015394007,-111.8972281975827,81.12414516545776
822,2024-03-20 04:45:52.167,513.6722976166584,-785.4201429314829,-646.5315961346948,417.3910358485292,-3.394264698603395,-6.811571344167003,-1.039606685060375,1099.59228013373,1099592.2801337298,513.6722976166584,81.68382282364749,-81.28843570674054,81.16738491217659
823,2024-03-20 04:48:03.161,512.5905816323575,-1228.50679078014,-1524.44121388767,208.4663907966054,-3.358213132730691,-6.568269484525709,-2.144563991096955,1968.9104057026045,1968910.4057026044,512.5905816323575,77.03378002687124,-120.4432620160184,81.14904033223756
866,2024-03-20 06:18:21.064,513.920063176256,-386.6485538343403,-290.634238949651,475.9665481627019,-5.791383656139548,-5.016739395473579,-0.5365553026485537,678.6085174840846,678608.5174840846,513.920063176256,80.00196412676284,-55.01408248765713,81.17157609947814
867,2024-03-20 06:20:24.941,513.55110636893,-1103.619061789973,-900.9209882788178,344.1278244722049,-5.765535776348427,-4.820393253312609,-1.588575314358493,1465.6253341981487,1465625.3341981487,513.55110636893,81.67442461944346,-105.1675528905625,81.16533341019871
868,2024-03-20 06:22:32.355,512.492073869571,-1830.362313338353,-1497.090599285055,74.36066015887451,-5.622302827389144,-4.521839776131238,-2.638772390396586,2365.8055643556754,2365805.5643556756,512.492073869571,77.1792219657145,-143.5221135196977,81.14736600493808
911,2024-03-20 07:52:50.523,513.8429531511274,-575.716463698315,-726.7264411390491,430.3745465503583,-7.281250423945211,-2.290958011291435,-0.8553713533242631,1022.1560630071847,1022156.0630071847,513.8429531511274,79.90213489625202,-77.84132863474909,81.1702721339324
912,2024-03-20 07:54:54.130,513.4797390294452,-1469.980930290038,-994.1189655674244,260.7840300163134,-7.164992048383565,-2.028467484167817,-1.884256223539637,1793.6345122205807,1793634.5122205808,513.4797390294452,81.71613424384603,-127.5214048954171,81.1641248753374
955,2024-03-20 09:25:32.029,513.7085791337695,-94.35448624370416,-1130.63225198389,398.9508208850614,-7.661261460370115,0.5530597563062641,-0.0098377932526183,1202.6611392180841,1202661.139218084,513.7085791337695,74.69303770916648,-79.29015835982801,81.16799889484531
956,2024-03-20 09:27:35.277,513.9281961363959,-1034.090184131446,-1043.922460773535,334.9370366465938,-7.56396251142718,0.8522550344496597,-1.027174395085632,1507.083087139552,1507083.087139552,513.9281961363959,80.35430480897021,-105.3240171635314,81.17171360925335
957,2024-03-20 09:29:37.788,513.5077560019181,-1947.494759437231,-921.99351158555,148.0642039948704,-7.323786574108731,1.135164244420819,-2.018718425204621,2159.7988058951155,2159798.8058951157,513.5077560019181,81.53631134478267,-156.0135141001775,81.16459935398788
1000,2024-03-20 11:00:21.532,513.8268243494695,-771.3028266991585,-1548.705004771878,272.7917195089722,-6.811116935670341,3.550395002524888,0.0404532789475025,1751.5166469412263,1751516.6469412264,513.8268243494695,75.60660082318671,-105.3368679726152,81.16999934024504
1001,2024-03-20 11:02:24.745,513.9621257675144,-1596.87013199298,-1090.979542052886,216.8972890238606,-6.567951824440479,3.867931180452284,-0.9461525366526174,1946.0922418053833,1946092.2418053832,513.9621257675144,80.89937944986534,-134.831137538276,81.17228723595557
1002,2024-03-20 11:04:25.897,513.4634117029518,-2371.848493196062,-607.0111211690187,44.32075291628507,-6.205844643210398,4.109243649029723,-1.898422585208345,2448.6919171342,2448691.9171342,513.4634117029518,81.19284805679341,173.9968399092857,81.16384834220682
1044,2024-03-20 12:33:14.322,513.2036699610708,-939.8078213119918,-2289.488000906705,33.88882736823302,-5.108130843062452,5.599372940978106,1.251190245528593,2475.1045432295114,2475104.5432295115,513.2036699610708,70.12545188962146,-118.0498545137064,81.15944683024094
1045,2024-03-20 12:35:19.845,513.8484793419257,-1563.531903870191,-1561.595939584896,130.1004773411216,-4.812840401093859,5.979603775645274,0.2795685715868077,2213.6259908016,2213625.9908016,513.8484793419257,76.9335608651992,-133.1990631455884,81.1703655970404
1046,2024-03-20 12:37:23.768,513.8550766006138,-2136.874710726671,-803.205491518506,105.0029106556966,-4.425232737536494,6.240615190756427,-0.6838444482529299,2285.2567037851236,2285256.703785124,513.8550766006138,81.53720807885432,-168.8614519954711,81.17047717228616
1091,2024-03-20 14:12:00.228,513.7510864365786,-2406.46126042447,-453.6295948435933,44.41820999670438,-1.605599907586833,7.510916795993674,-0.073486119209423,2449.246534063282,2449246.534063282,513.7510864365786,81.611345686381,165.7312284348422,81.16871812714709
1136,2024-03-20 15:46:04.937,513.760039974899,-2548.68389147204,-260.9105686133221,0.4181665213542374,1.343831603249565,7.515983571281875,0.837396381913909,2562.003918483816,2562003.918483816,513.760039974899,81.00227401276979,152.9650908557655,81.16886960803913
1407,2024-03-21 01:15:54.271,513.0657479734828,-368.9949592599797,-229.5399986064247,478.3814771275676,3.237608655794901,-6.965786396711632,-0.0671930591508216,646.2930670974779,646293.0670974778,513.0657479734828,79.96617065271289,-51.98804662708094,81.1571078735555
1408,2024-03-21 01:17:54.054,511.7433740467141,13.82798103402213,-1062.665744641772,408.5214645703464,3.145147966435747,-6.923618814230088,-1.097575569170538,1138.5690514453788,1138569.051445379,511.7433740467141,74.29100804862655,-75.61222095183827,81.13461985581168
1452,2024-03-21 02:50:27.264,512.9423529870455,-554.8534827022286,-691.0189892960647,434.8812259301815,0.2595039577736875,-7.639950581811846,-0.7579142808168103,987.1632648660933,987163.2648660933,512.9423529870455,79.93130124825846,-75.87922537729948,81.15501423285016
1453,2024-03-21 02:52:30.481,511.5670584262989,-526.0251266141418,-1623.101479510445,276.5978665121719,0.2082132584254125,-7.465013649055832,-1.807246546620371,1728.486976050877,1728486.976050877,511.5670584262989,74.05541201368264,-99.77284544138506,81.13161289326331
1496,2024-03-21 04:23:13.865,513.4599649542788,-617.7058979089611,-281.2878331666608,459.0421465203638,-2.723291756331816,-7.161813316847629,-0.5417084372788604,819.3919170220892,819391.9170220891,513.4599649542788,81.87625759564465,-57.73580757072682,81.16378996302014
1497,2024-03-21 04:25:16.352,512.6201597406753,-952.1939189347391,-1150.158063461946,328.3839001223522,-2.729549068705853,-7.003037413229631,-1.588408744549143,1528.8468909810417,1528846.8909810418,512.6201597406753,79.25783041107886,-104.2301785911205,81.14954294595645
1498,2024-03-21 04:27:32.626,510.972528844487,-1321.099023956637,-2083.747140133241,34.43607800049296,-2.673313125911028,-6.672046032598183,-2.717334013439245,2467.486700791049,2467486.700791049,510.972528844487,72.39521585108294,-126.7472272290974,81.12145859761294
1540,2024-03-21 05:55:47.062,513.5508457816777,-175.530954699329,23.53157207069516,490.2739824255804,-5.271906340412633,-5.585235685367124,-0.1142423494920569,521.2805662838531,521280.5662838531,513.5508457816777,78.5377473846034,-40.01841900620823,81.16532899800956
1541,2024-03-21 05:57:49.303,513.3191017185263,-822.2974065507952,-651.6388514186661,412.2108964322467,-5.29345776090142,-5.4437987615836,-1.160960706363218,1127.2639622714278,1127263.9622714277,513.3191017185263,81.88943856533638,-82.9270553763265,81.16140344191756
1542,2024-03-21 05:59:59.289,512.3761735939279,-1505.993903011092,-1343.402314673985,190.1419522342467,-5.207194784760918,-5.181066148399188,-2.249849628388788,2027.0425197754125,2027042.5197754125,512.3761735939279,78.79110304488567,-130.5932100722042,81.14539525389945
1585,2024-03-21 07:30:15.572,513.4777744122794,-254.5709079832072,-518.436107993309,468.2972848823995,-7.031454070155069,-3.053104959270774,-0.4889868607566986,743.5621643755629,743562.1643755629,513.4777744122794,78.38514491669721,-62.87201834448829,81.16409160186193
1586,2024-03-21 07:32:19.228,513.2446494567821,-1122.214818378429,-882.1526143834373,343.2283450753599,-6.979242683016717,-2.819922170117136,-1.530603156624614,1468.1161502125212,1468116.1502125212,513.2446494567821,81.88213760633045,-105.6557468065002,81.16014154647945
1587,2024-03-21 07:34:23.558,512.3565603663419,-1979.660153595603,-1215.296755922584,89.25123007476208,-6.791336422919354,-2.530569370751369,-2.548380210094636,2324.6432652688845,2324643.2652688846,512.3565603663419,79.11821469751304,-152.3356264972228,81.14506166737864
1630,2024-03-21 09:04:50.669,513.5008518256654,-586.8352162642747,-992.438403426216,395.6555338878048,-7.652962170873332,0.0008186472326565,-0.6582849487212443,1218.9556419899611,1218955.641989961,513.5008518256654,78.52780115152339,-87.21011884739156,81.16448243369172
1631,2024-03-21 09:06:53.205,513.2569083447042,-1516.281152495124,-974.9294105114418,253.028108261118,-7.493182341163591,0.2847307520009488,-1.665931322065847,1820.3348901952984,1820334.8901952985,513.2569083447042,81.89116452711278,-130.2026852736532,81.16034934762092
1674,2024-03-21 10:37:49.834,513.3709868462656,-393.7217043941207,-1561.837756730562,302.0666779307474,-7.151512961333355,2.793879000425314,0.2349717867760668,1638.7794960812403,1638779.4960812402,513.3709868462656,73.8608218458388,-95.38739745177908,81.16228263446575
1675,2024-03-21 10:39:54.131,513.6060835264252,-1272.94925010592,-1193.182707260753,268.7741449689982,-6.972575382616172,3.128838013220816,-0.7696326817550406,1765.3113910172165,1765311.3910172165,513.6060835264252,79.8347790641511,-118.9704276450457,81.16626417002576
1676,2024-03-21 10:41:58.092,513.1932157314232,-2119.170293813801,-787.6202361966052,111.9721249855048,-6.658328582520363,3.404088488988301,-1.756136785174636,2263.573751266576,2263573.751266576,513.1932157314232,81.73613169539145,-168.5564793928985,81.15926958467776
1718,2024-03-21 12:10:50.355,512.7572361507591,-584.8830418684076,-2352.926684832562,52.47766003056321,-5.656142458718017,5.026864321581556,1.325462302770896,2425.099185943675,2425099.1859436748,512.7572361507591,68.6909312288299,-110.5673614062454,81.1518715134534
1719,2024-03-21 12:12:55.997,513.4500156603199,-1281.845788921063,-1694.797524194248,157.694961721041,-5.419333376615552,5.432610751681597,0.3469877299500542,2130.8061797220826,2130806.1797220823,513.4500156603199,75.6835220076613,-123.5785130428249,81.16362144290422
1720,2024-03-21 12:14:59.044,513.5190799658212,-1928.880203345232,-1007.084553653255,141.0700258374909,-5.080455353633226,5.727873981738018,-0.6166269348154934,2180.5272044287613,2180527.2044287613,513.5190799658212,80.93832270640262,-153.3283257305769,81.16479111550676
1721,2024-03-21 12:17:00.930,512.9549505022223,-2522.711017296926,-296.5121530368127,8.259341284470338,-4.648372156465711,5.913588736530474,-1.559272650773742,2540.0902642245355,2540090.2642245353,512.9549505022223,81.1429060982901,155.1773494462063,81.15522801975946
1764,2024-03-21 13:47:34.489,513.3443618062911,-1980.442257668699,-1595.079047510433,7.558622021425037,-2.849953477714346,7.07846515320045,0.8817675118355335,2542.928594462209,2542928.594462209,513.3443618062911,76.02003788620524,-148.1986362362894,81.1618314953226
1765,2024-03-21 13:49:38.281,513.393174978426,-2305.906230203135,-703.8960243224453,58.26682460942419,-2.399479559816613,7.296587784876713,-0.0636739853927355,2411.6525824414766,2411652.5824414766,513.393174978426,81.13471703393664,-179.6426488282763,81.1626585589964
1810,2024-03-21 15:24:19.525,513.3298720844596,-2509.506715482637,-253.3960892528295,15.67091327526055,0.6815678244608802,7.630240332648553,0.5635008426594801,2522.3162193951734,2522316.2193951732,513.3298720844596,81.35553343290529,153.1165173041823,81.1615859598453
